187	1543909610617
187	1543970091033
187	1544022411135
154	1544026850767
115	1543887531068
115	1543891011008
115	1543907210769
115	1543913570419
115	1543914170778
115	1543915971065
115	1543921131043
115	1543997211290
115	1544000930664
115	1544012691186
286	1543989291351
117	1543889331009
117	1543897130810
117	1543904331252
117	1543922450804
117	1543923770881
117	1543946450926
117	1543949330578
117	1543957730829
117	1543962291567
117	1544025771150
117	1544032970948
47	1543897970891
47	1543904090612
47	1543906970600
47	1543907930399
47	1543924371135
47	1543927610670
47	1543951851039
47	1543958330660
47	1543975851051
47	1543977770412
47	1543999851016
47	1544002731090
47	1544003210497
47	1544013050857
156	1543990251601
122	1543884890697
122	1543885970755
122	1543902654294
122	1543909011136
122	1543937090629
122	1543971051407
122	1543973570806
122	1543983051066
122	1544027211114
122	1544035010984
273	1543975971458
145	1543928331254
145	1543954611656
145	1543963130732
145	1544037410577
195	1543958811331
195	1543959772706
195	1543963491026
1163	1543991453589
130	1543922930899
130	1543933131219
130	1543980051629
130	1543996131356
130	1544000571176
130	1544021930862
130	1544039811562
79	1543885491092
79	1543895570951
79	1543901690392
79	1543914530728
79	1543920651226
79	1543922331461
79	1543928450866
79	1543945611234
79	1543960611053
79	1543975011422
79	1543981610510
79	1543991931347
79	1543994331130
79	1543995410966
79	1543997690771
79	1544001291008
79	1544017371516
79	1544030930936
172	1543989770912
69	1543892930604
69	1543893651164
69	1543896171002
69	1543898451464
69	1543901570624
69	1543903610364
69	1543921490676
69	1543932771219
69	1543935051379
69	1543950291522
69	1543961570576
69	1543969850893
69	1543972730793
69	1544008010760
69	1544011611098
69	1544012090898
69	1544024812144
69	1544038130738
110	1543959892097
110	1543967330975
110	1543971651335
110	1544017970496
110	1544030691633
288	1543968650891
62	1543906250456
62	1543906370796
62	1543907571014
62	1543910810998
62	1543924850515
62	1543925930728
62	1543929890450
62	1543934810569
62	1543939370869
62	1543955211736
62	1543956291013
62	1543961450888
62	1543971890366
62	1543976211325
62	1543979931086
62	1543981010407
62	1543987250466
62	1543987850748
62	1543989410562
62	1543994091236
62	1543994450351
62	1544000451073
62	1544026610891
62	1544034530974
62	1544040771355
62	1544041250674
226	1543948371438
197	1544032131540
230	1543927010657
697	1543993012349
54	1543895451048
54	1543897250966
54	1543900371767
54	1543902050967
54	1543906130607
54	1543911050286
54	1543925090704
54	1543934570726
54	1543936131160
54	1543936491060
54	1543963851100
54	1543971290539
54	1543977291223
54	1543988210420
54	1543998410563
54	1544017491027
54	1544018211322
54	1544036571024
75	1543884171191
75	1543887411168
75	1543893171330
75	1543904571445
75	1543905170688
75	1543905651248
75	1543907091468
75	1543912371242
75	1543926530885
75	1543926770737
75	1543935410601
75	1543935891424
75	1543937331100
75	1543955810806
75	1543960251386
75	1543970571323
75	1543981130763
75	1543984371419
75	1543984970483
75	1543992771327
75	1543999491507
75	1544002130581
75	1544012570704
75	1544014610785
75	1544035250886
163	1543901210934
163	1543909970657
163	1543925810692
163	1543998770795
163	1544019890940
89	1543922091137
89	1543939730776
89	1543954371180
89	1543955450642
89	1543959651120
89	1543972370913
89	1544020491480
131	1543912970717
131	1543926171619
131	1543968410841
131	1543973691035
1827	1543940933654
238	1543941051184
185	1543943211054
185	1543964691295
264	1543968290912
220	1543991810694
278	1543939850725
113	1543895091266
113	1543939131420
113	1544020250630
113	1544029131523
118	1543903731170
118	1543948131530
118	1544010170568
198	1543973210662
198	1544002011087
198	1544019411587
153	1544006451166
153	1544023851286
135	1543899051568
135	1543995051546
164	1543884051055
164	1543899290617
164	1543953650997
164	1543999010833
56	1543892330686
56	1543892570966
56	1543908050393
56	1543910451206
56	1543914410589
56	1543917770521
56	1543918731364
56	1543924731366
56	1543927970583
56	1543937450661
56	1543937930704
56	1543938651083
56	1543940570663
56	1543956530424
56	1543959530630
56	1543962411043
56	1543978610862
56	1543981970301
56	1543982450721
56	1543984491222
56	1543989530600
56	1543990850577
56	1543991210656
56	1543995291243
56	1544003811403
56	1544009930913
56	1544020971152
56	1544030451128
56	1544031771048
56	1544033931112
152	1543908411285
152	1543967091101
152	1544017130740
152	1544039330817
162	1543977531068
266	1543913931660
259	1543968531404
259	1543993850729
259	1544027930835
104	1543905890935
104	1543911411418
104	1543923891031
104	1543953051051
104	1543962051276
104	1544035971376
139	1543974890823
139	1543980650335
139	1544014251347
139	1544038491031
224	1543888011013
224	1543898690558
44	1543892810716
44	1543911530617
39	1543929050616
211	1544002611101
82	1543894011318
82	1543935770933
82	1543937571192
82	1543949210818
82	1543952811315
82	1543956650555
82	1543974651144
82	1543975250726
82	1543979810583
82	1543982210988
82	1543985570748
82	1544020130734
82	1544023130775
82	1544024331611
82	1544041490451
160	1543912850604
160	1543939250570
160	1544033690832
425	1543899651293
58	1543886810594
58	1543889091236
58	1543892210429
58	1543894490969
58	1543896051354
58	1543907330990
58	1543910570811
58	1543915730326
58	1543935650709
58	1543937211285
58	1543957611050
58	1543982570542
58	1543985090647
58	1544004530867
58	1544006331228
1580	1543911893308
65	1543892090898
65	1543903971237
65	1543910931848
65	1543915851071
65	1543924130772
65	1543927850513
65	1543930851271
65	1543931210792
65	1543931450793
65	1543935291332
65	1543936370572
65	1543943930938
65	1543950651236
65	1543955331097
65	1543964810890
65	1543965170531
65	1543970450626
65	1543977410488
65	1543988090528
65	1543994211118
65	1544010651093
65	1544011250896
65	1544026370617
65	1544031050660
65	1544034891497
65	1544037530913
132	1543888610626
132	1543893531665
132	1543912011199
132	1543932530903
132	1543940330878
132	1543941651367
132	1543941891342
132	1543948010544
132	1543953891363
132	1543984610596
132	1543990131276
132	1544005251444
132	1544009450964
132	1544021571428
166	1543923171195
38	1543905051030
169	1543944171757
169	1543954490722
215	1543978251359
96	1543897610813
96	1543917410385
96	1543920050739
96	1543958930568
96	1543969610584
96	1544028650571
210	1544023971479
210	1544025291326
181	1543930130948
181	1543932291188
181	1543981370506
178	1543900731330
123	1543895811316
123	1543917051072
123	1543919330912
123	1543921370389
123	1543948250676
123	1543970211208
123	1543970931328
123	1544041371461
151	1543942131566
274	1543970331458
228	1543905291203
228	1544020851000
228	1544041131059
81	1543889451014
81	1543890050658
81	1543912251153
81	1543945131047
81	1544019051321
81	1544028290521
194	1543983171158
194	1544020731769
183	1543964210947
183	1543972850808
208	1543890651401
208	1543941291060
203	1544023011098
55	1543884414030
55	1543884651010
55	1543891131010
55	1543903850488
55	1543922570838
55	1543933971303
55	1543936730924
55	1543952690786
55	1543955570984
55	1543974530657
55	1543983650820
55	1543989171119
55	1544009090372
55	1544011010883
55	1544011490883
55	1544030810666
100	1543887650917
100	1543916571090
100	1543921250545
100	1543924011126
100	1543942850475
100	1543943691213
100	1543966251349
100	1543978131348
100	1544011730586
100	1544016770912
100	1544029491013
100	1544035731190
155	1543948731107
155	1543988930439
155	1544015210564
155	1544017730544
138	1543894730738
138	1543895211912
138	1544014490908
170	1543997090996
108	1543947170795
108	1543951490964
108	1543987971517
108	1543992171076
108	1544008850479
108	1544010411039
128	1543887771381
128	1543901090960
128	1543929771494
128	1543953291203
128	1544012930550
202	1544039931213
98	1543889211032
98	1543890290550
98	1543897730592
98	1543921971066
98	1543926650965
98	1543948611148
98	1543958210954
85	1543889931319
85	1543928690932
85	1543942970837
85	1543947050937
85	1543950171339
85	1543950411350
85	1543968171010
85	1543971771274
85	1543990490670
85	1544023731014
85	1544031891216
85	1544036090653
85	1544036211333
95	1543906730548
95	1543918130903
95	1543918251345
95	1543969731319
95	1543997571261
95	1544024210612
95	1544025651726
95	1544029371047
124	1543910210753
124	1543928571134
124	1543953530756
124	1543977050529
124	1544037890835
165	1544033811216
142	1543998530691
285	1544026971219
201	1543969491007
201	1544018571476
173	1543965411323
53	1543887291068
53	1543893891045
53	1543898810665
53	1543902770506
53	1543903490405
53	1543909130625
53	1543918011062
53	1543923291419
53	1543930370260
53	1543936971397
53	1543939491659
53	1543980290577
53	1543992890865
53	1544005730699
53	1544014371261
97	1543932651260
97	1543948490810
97	1543973451042
97	1543992530829
97	1544033091632
199	1543900011035
199	1544034651358
634	1544038371326
52	1543887890622
52	1543906610686
52	1543916810781
52	1543928810474
52	1543966370998
52	1543979570596
52	1543988811496
52	1543990731176
52	1543991091637
52	1543995650619
52	1543999371119
52	1544007770861
52	1544013770601
52	1544017250841
52	1544018451227
52	1544035851206
111	1543911171325
111	1543938051259
111	1543961811302
111	1544009330362
111	1544022290666
111	1544022891261
161	1543885851395
161	1543947771253
161	1543966970806
161	1543998050945
161	1544021451773
161	1544033451680
277	1543897371490
190	1544033571285
127	1543984250829
119	1543891850794
119	1543901930554
119	1544003091046
119	1544016530728
119	1544025171152
119	1544036930954
602	1543891972115
312	1543901331166
86	1543905410778
86	1543908771182
86	1543914051272
86	1543919090909
86	1543922210589
86	1543923650854
86	1543937810633
86	1543955931036
86	1543960970757
86	1543992410533
86	1544031411378
86	1544032491357
86	1544038611133
80	1543884530609
80	1543899891435
80	1543916450908
80	1543929411467
80	1543934691493
80	1543957490851
80	1544037291210
149	1543913091195
149	1543956771601
149	1543966010715
149	1544012211498
149	1544014010561
72	1543894610925
72	1543899171380
72	1543908890560
72	1543930491520
72	1543933490759
72	1543944650786
72	1543958451083
72	1543972970898
72	1543984131378
72	1543989891237
72	1543991690482
72	1544009810302
72	1544011971157
72	1544016291564
72	1544026250866
72	1544027091168
72	1544037170690
72	1544039210665
72	1544041970883
303	1543897851003
193	1543965290538
193	1543979330873
76	1543890171189
76	1543904450390
76	1543912730941
76	1543932170543
76	1543933371243
76	1543936011458
76	1543944411189
76	1543968771621
76	1543975731241
76	1543979451362
76	1543980890920
76	1543981251220
76	1543982691442
76	1543988450707
76	1544000331521
76	1544014850901
76	1544022050471
76	1544038851489
176	1543972611440
143	1543885011380
143	1543924611191
143	1543963251034
143	1543976811025
150	1543920530862
150	1543997810740
93	1543896891147
93	1543938771251
93	1543952331066
93	1543991571260
93	1544034411103
45	1543900970459
45	1543922811232
45	1543929290592
45	1543937691417
45	1544003690858
45	1544005370754
45	1544010291352
41	1543919930230
41	1543960010771
217	1543910091141
148	1544007291091
148	1544023491183
148	1544024570542
148	1544027451000
136	1543913330507
136	1543969371040
136	1543975491501
136	1543998651206
136	1544004171280
136	1544028531194
247	1543950891060
133	1543900490499
133	1543934330961
133	1543950530947
157	1543945970674
157	1543962890608
157	1544026730926
66	1543888131002
66	1543905770519
66	1543918491177
66	1543931090563
66	1543933011089
66	1543952210844
66	1543978970706
66	1543994570777
66	1543996490797
66	1544004050814
66	1544007650896
66	1544017610731
66	1544040170998
63	1543902171096
63	1543919570554
63	1543919691509
63	1543920770371
63	1543921611010
63	1543930610692
63	1543931691270
63	1543933610813
63	1543956051495
63	1543958690929
63	1543967690873
63	1543970690468
63	1543986411366
63	1543987610827
63	1543995771313
63	1544001050352
63	1544003450893
63	1544006211517
63	1544009690832
63	1544012451334
63	1544014130403
63	1544015450732
63	1544015810438
63	1544026491131
63	1544028410551
63	1544032731713
63	1544038010493
63	1544038730870
63	1544040530632
46	1543903371038
46	1543985931250
46	1544002971455
46	1544005130915
46	1544005611536
46	1544006810464
46	1544016171221
46	1544037050938
50	1543934930658
50	1543987131534
50	1544007530459
50	1544010770339
50	1544015930619
189	1543885251303
189	1543954251582
189	1544030210823
227	1543978371690
59	1543899530917
59	1543915370428
59	1543919450766
59	1543926051347
59	1543926290846
59	1543931930867
59	1543934210770
59	1543945850527
59	1543949571283
59	1543965651184
59	1543976451123
59	1543978731005
59	1543982930783
59	1543994930586
59	1544002850983
59	1544004651207
59	1544008730905
59	1544018691479
59	1544019531290
59	1544031170371
59	1544032370871
59	1544040891036
59	1544041011611
168	1543895690801
168	1543917531080
168	1544026010704
558	1543886332053
1613	1544042093291
171	1543978490735
137	1543899411830
137	1543951010811
137	1543971410744
137	1543975610961
137	1543996610530
137	1544042330611
71	1543886090986
71	1543894850731
71	1543904211604
71	1543916930442
71	1543917650761
71	1543925210479
71	1543930011052
71	1543940210858
71	1543946331425
71	1543947531079
71	1543953771343
71	1543957850922
71	1543969011156
71	1543980170636
71	1543990611575
71	1543993730642
71	1543997930380
71	1543999971121
71	1544030570603
71	1544035490284
71	1544039451283
319	1544033210967
207	1543957131599
320	1543959051499
223	1544022651278
141	1543902291554
141	1543976931305
141	1543987731325
141	1543992291212
141	1544008370930
141	1544015690967
141	1544027570493
73	1543903251133
73	1543921851563
73	1543939010941
73	1543939971058
73	1543943570848
73	1543944771066
73	1543962171330
73	1543972131099
73	1543976571297
73	1543982811057
73	1543983890422
73	1543984850827
73	1543997330710
73	1544003330863
73	1544005490962
73	1544007171303
73	1544023250487
73	1544029010885
73	1544035131225
188	1544019171274
494	1543974771119
102	1543903010857
102	1543921010885
102	1543940690689
102	1543955090913
102	1543963970769
102	1543975370946
102	1543976331746
102	1544016410811
102	1544020371398
102	1544026131075
103	1543903131296
103	1543969970827
103	1543984730967
103	1544023611361
106	1543913211091
106	1543917290769
106	1543936610692
106	1543940811152
106	1543941771252
106	1543947411301
106	1543962651406
106	1543996011292
106	1544015091852
106	1544022771280
106	1544034291638
88	1543888971144
88	1543894131120
88	1543909250680
88	1543915610956
88	1543933250878
88	1543938291254
88	1543942610965
88	1543943091045
88	1543949450676
88	1543952450498
88	1543967571497
88	1543979211472
88	1544010530560
88	1544031531621
192	1543973811616
218	1543887171455
125	1543890771061
125	1543909851158
125	1543916211234
125	1543979690754
125	1543988331228
125	1543990971089
125	1543993370475
125	1544002371375
125	1544018091034
78	1543889810551
78	1543914770747
78	1543929651228
78	1543946571114
78	1543957011746
78	1543968051147
78	1543977890542
78	1543980531103
78	1543980770617
78	1544001890988
78	1544006930908
78	1544025051170
257	1544016050525
282	1543957250834
175	1543890410991
175	1543945731149
61	1543890531494
61	1543904930423
61	1543906490980
61	1543907451063
61	1543908650773
61	1543909370638
61	1543910331333
61	1543917171292
61	1543918370994
61	1543925450804
61	1543926410908
61	1543931330590
61	1543932411329
61	1543936250769
61	1543954730713
61	1543960491547
61	1543971531125
61	1543983411098
61	1543983531463
61	1543985690612
61	1544001530850
61	1544038250533
158	1543886211236
158	1543955691248
158	1543973931664
158	1543994691448
158	1544020011171
158	1544033331432
158	1544042211035
174	1543904811562
174	1543963010402
174	1543973091118
134	1543946931148
134	1543951250864
134	1543965530655
134	1543972010559
134	1543978011058
134	1543994811184
222	1543935170951
114	1543884771170
114	1543891490774
114	1543893771067
114	1543944051228
114	1543951130766
114	1543965771179
114	1544007891022
114	1544028770988
114	1544040050603
167	1543891730818
167	1543963730705
167	1544040410779
77	1543889571352
77	1543896291090
77	1543936850564
77	1543949931146
77	1543951371070
77	1543951970716
77	1543976690981
77	1543988691257
77	1543990370761
77	1544008130767
77	1544009570338
77	1544015330946
77	1544023370730
436	1543938411401
49	1543898570781
49	1543902530683
49	1543909730742
49	1543923051316
49	1543959291058
49	1543965050891
49	1543972490973
49	1543983770533
49	1543985330692
49	1543996730462
49	1544008250344
49	1544012811229
49	1544028170840
49	1544029730638
49	1544032011242
49	1544035371155
49	1544041850741
105	1543893051325
105	1543897010937
105	1543908531798
105	1543925331312
105	1543949690837
105	1543968890672
105	1543985451330
37	1543911770569
37	1543929531399
147	1543888491259
147	1543993491358
147	1544036451099
121	1543939610978
121	1543940090808
121	1543946090816
121	1543952570813
121	1543987370529
121	1544016890814
121	1544034771375
1197	1543962532465
1264	1543883935059
92	1543885130707
92	1543916691361
92	1543921730659
92	1543946690825
92	1543948850861
92	1543969130918
92	1543986291217
92	1544000210943
92	1544005851102
92	1544027331185
101	1543886571276
101	1543915250672
101	1543962771412
101	1543981730694
101	1543982331050
101	1543989650706
51	1543898211264
51	1543906010761
51	1543907690764
51	1543918850361
51	1543925691314
51	1543927130898
51	1543927370778
51	1543931810538
51	1543932890540
51	1543967451031
51	1544004410617
51	1544004770801
51	1544007051237
51	1544008610580
51	1544013290480
51	1544018810716
51	1544029850538
109	1543884290786
109	1543920891312
109	1543928211179
109	1544032611279
216	1543972251241
112	1543902891384
112	1543934090819
112	1543942491089
112	1544004290901
112	1544025411028
144	1543900610777
144	1543915131129
144	1543964450990
144	1543998890593
144	1544000810891
144	1544024691258
64	1543885731322
64	1543889691176
64	1543898930999
64	1543920291272
64	1543924250856
64	1543948971012
64	1543954010655
64	1543954850741
64	1543956171210
64	1543961210637
64	1543975130812
64	1543981490953
64	1543982091105
64	1543983291408
64	1543987011331
64	1543999131314
64	1544002250333
64	1544009210593
64	1544011130930
64	1544013891293
64	1544017011111
64	1544017851035
64	1544025530538
87	1543894250540
87	1543943330876
87	1543966850351
87	1543970810376
87	1543995890535
87	1543998170819
87	1544013650535
87	1544037650855
43	1543926891206
43	1543984011387
43	1543986891187
43	1543999611428
43	1544006570291
43	1544019290572
43	1544032251213
146	1543891611379
146	1543906851059
146	1543949812002
146	1544001650691
107	1543886451341
107	1543949091199
107	1543960371359
107	1543969250772
107	1544008970942
107	1544022170457
107	1544035611356
107	1544037770750
68	1543896531094
68	1543896770943
68	1543914891138
68	1543919211016
68	1543950771238
68	1543956411619
68	1543963371441
68	1543965891231
68	1543986771132
68	1544000691041
68	1544003570342
68	1544005971038
68	1544010051113
68	1544011371248
68	1544012331337
68	1544021691406
68	1544029610605
68	1544039091074
68	1544039691062
243	1543900131036
243	1543974411527
90	1543891251466
90	1543911651062
90	1543913451404
90	1543928931135
90	1543935531556
90	1543942730976
90	1543961691324
90	1543995531520
90	1544034050917
1566	1544019652921
83	1543886691316
83	1543900850436
83	1543907810696
83	1543913691007
83	1543914651010
83	1543942011071
83	1543961090857
83	1543964330691
83	1543976090887
83	1544013411589
83	1544027811095
126	1543912610754
126	1543938531293
126	1543945011280
126	1543952931198
126	1543973330411
126	1544001170895
126	1544034171052
116	1543892691268
116	1543895931369
116	1543947890801
116	1543950050652
116	1543953411089
116	1543958570948
116	1543995170526
116	1544003930505
116	1544020611045
116	1544021090870
116	1544025890894
116	1544032850488
116	1544041611249
159	1543900250987
159	1543915010725
159	1543917891626
159	1543996251209
159	1544001770587
159	1544004891308
159	1544014971448
67	1543897490700
67	1543899770601
67	1543910691580
67	1543920410814
67	1543924970777
67	1543927251334
67	1543927730712
67	1543931570873
67	1543933850815
67	1543934451264
67	1543945251277
67	1543945371501
67	1543951610795
67	1543960730998
67	1543966490447
67	1543967211033
67	1543967930813
67	1543978851911
67	1543985811271
67	1543986050910
67	1543987490571
67	1543992651180
67	1543993973236
67	1544015571176
67	1544021211285
67	1544027690520
67	1544040650980
91	1543885611291
91	1543891370524
91	1543914291320
91	1543957971344
91	1543959171002
91	1543963611217
91	1543971171001
91	1543992050684
91	1543999250900
91	1543999730999
91	1544024450865
91	1544040295504
235	1543974051023
84	1543886930674
84	1543888250918
84	1543890892357
84	1543912490656
84	1543920170835
84	1543923411112
84	1543924490933
84	1543929170394
84	1543944891412
84	1543954131016
84	1543964571490
84	1543964931371
84	1543967811089
84	1544016650515
84	1544018931580
179	1543916090961
179	1543974171403
179	1543996850709
179	1544030091610
94	1543894371448
94	1543912130926
94	1543915490483
94	1543942251081
94	1543943811110
94	1543946210648
94	1543947650727
94	1543996371163
94	1544030330906
94	1544036330786
182	1543953171137
140	1543927491530
140	1543941411181
140	1543966610625
140	1544006090809
140	1544013531750
140	1544031291295
249	1544036690721
57	1543888850750
57	1543896411111
57	1543902414591
57	1543911294469
57	1543913811186
57	1543918610683
57	1543923531084
57	1543930970463
57	1543938170889
57	1543938891404
57	1543958091250
57	1543960851250
57	1543974290713
57	1543979091062
57	1543986531421
57	1543990011521
57	1543991331000
57	1543996979990
57	1544005010703
57	1544007411446
57	1544018330926
57	1544028890692
57	1544029250690
57	1544031651300
186	1543925571197
186	1543941171413
186	1543946810803
60	1543885370535
60	1543887051374
60	1543888371273
60	1543893291131
60	1543895330958
60	1543896650976
60	1543901810991
60	1543904691032
60	1543908291213
60	1543916330450
60	1543966131205
60	1543980410508
60	1543986650640
60	1543988570348
60	1543993131427
60	1543997450631
60	1544008491140
60	1544011851209
60	1544036811450
60	1544041730916
48	1543905530950
48	1543909490483
48	1543930730634
48	1543981851295
48	1544002491357
48	1544038971222
74	1543893411105
74	1543894970859
74	1543898331350
74	1543901451126
74	1543919810642
74	1543922690921
74	1543933730623
74	1543943450647
74	1543954971806
74	1543957371325
74	1543959411125
74	1544013171164
74	1544021811062
74	1544028051145
74	1544039571533
70	1543892451103
70	1543898091102
70	1543918970877
70	1543928090436
70	1543930251234
70	1543932050537
70	1543940450597
70	1543942371165
70	1543944291003
70	1543945490419
70	1543947291566
70	1543952090541
70	1543960131164
70	1543961331284
70	1543961931325
70	1543966730671
70	1543977171014
70	1543985210435
70	1543986170435
70	1543989050522
70	1543993611181
70	1543998290561
70	1544000090844
70	1544006690538
70	1544019770963
70	1544021330419
70	1544022531764
70	1544024091428
70	1544024931158
70	1544029971004
129	1543888731246
129	1543964091037
129	1543977650954
129	1544001410737
129	1544010890880
99	1543908170495
99	1543941531566
99	1543944530972
99	1543951730609
99	1543956891315
99	1543993251555
99	1544014732505
